3
10000 12 6 
12  10000 8
 6  8 10000
4
10000 1 1 1 
1 10000 1 1
1 1 10000 0
1 1 0 10000
20
 10000    97    62    26    55    54    64    68    37    88    58    26     4     2    85    72     7    27    84    31
    97 10000    39    33    98    67     3    22    47    49     7    73    37    26    43    76     5    90    17    19
    62    39 10000    26    98    85    86     5    80    93    73     5    39    99    65    21    32    26    61    16
    26    33    26 10000    58    84    52    18    80    69    42    94    35    29    96    81    88    72    49     8
    55    98    98    58 10000    75    39    93    50    70   100    93    90    87    26    34    15    35     2    59
    54    67    85    84    75 10000    83    71    63    57    45    81    55    68    76    31    33    53     4    41
    64     3    86    52    39    83 10000    24    50    67     6    75    10    59    19    73    61    33    79     7
    68    22     5    18    93    71    24 10000    59    72    22    52    27    77    11     8     8    79    25    16
    37    47    80    80    50    63    50    59 10000    80    25    41    94    57    41    15    45    44    57    53
    88    49    93    69    70    57    67    72    80 10000    60    42    18    27    50    43    30    67    82    10
    58     7    73    42   100    45     6    22    25    60 10000    67    61    43    50    88     6    88    17    27
    26    73     5    94    93    81    75    52    41    42    67 10000    97    98    51    82    94    90    34    30
     4    37    39    35    90    55    10    27    94    18    61    97 10000    70    26    24     8     2    11    95
     2    26    99    29    87    68    59    77    57    27    43    98    70 10000    60    98    37    61    60    35
    85    43    65    96    26    76    19    11    41    50    50    51    26    60 10000    69    61     8     5    52
    72    76    21    81    34    31    73     8    15    43    88    82    24    98    69 10000    56    16    78    21
     7     5    32    88    15    33    61     8    45    30     6    94     8    37    61    56 10000    99    84    97
    27    90    26    72    35    53    33    79    44    67    88    90     2    61     8    16    99 10000    81    84
    84    17    61    49     2     4    79    25    57    82    17    34    11    60     5    78    84    81 10000    89
    31    19    16     8    59    41     7    16    53    10    27    30    95    35    52    21    97    84    89 10000
